,Norway,India,Eritrea,Iran,Finland,Viet Nam,Sudan,Belgium,Ethiopia,South Africa,Malaysia,Taiwan,Germany,Philippines,Kenya,Somalia,Hong Kong,Lebanon,Ireland,Ghana,Ecuador,Uganda,Canada,Italy,Guatemala,Serbia,Djibouti,South Korea,United Kingdom,Peru,Mali,China,Bulgaria,Nepal,Brazil,Belarus,Spain,Oman,Colombia,Madagascar,Thailand,Swaziland,Czech Republic,Georgia,Australia,Pakistan,Denmark,Turkmenistan,Uzbekistan,USA,Russia,Sweden,Netherlands
Norway,[0.0],[14.002252343263503],[12.003247735358306],[16.06947586528328],[14.81163194444421],[14.80257161458324],[11.70585317460292],[13.934328098260172],[5.367745535714091],[14.136145812378865],[14.171308526982992],[13.990234374999726],[15.295395018223113],[14.087611607142533],[14.087611607142533],[14.252953226884358],[14.087611607142533],[14.087611607142533],[14.81163194444421],[13.408451140872762],[14.802571614583139],[14.087611607142533],[14.393628758073623],[14.318579211596834],[14.087611607142533],[15.626491580945753],[9.723616035706078],[10.387678535706081],[14.415629524448693],[14.616603562713175],[7.169245260726748],[11.937093810129417],[8.828765466895087],[14.087611607142533],[14.81163194444421],[15.627147012131443],[15.586452535731569],[14.802571614583131],[14.81163194444421],[14.087611607142533],[15.771484374999998],[13.734305467915487],[15.081655231948055],[13.990234374999721],[15.218913578554279],[14.199265177458802],[11.355158730158598],[14.802571614583131],[15.589826265975102],[7.859564057313645],[14.601066138347019],[15.47569444444421],[15.06908833752242]
India,[14.002252343263503],[0.0],[16.372038231014198],[16.528040953263833],[11.758119682942684],[12.28368359347642],[13.94591931060307],[14.562587604945428],[15.279189148604821],[13.19032764342755],[9.743038664745248],[13.487585977269786],[14.822401155395793],[11.102953476442362],[11.102953476442362],[16.661678597337232],[11.102953476442362],[11.102953476442362],[11.758119682942684],[12.814835503801635],[11.755988088677103],[11.102953476442362],[13.71148013008321],[14.222361009219561],[11.102953476442362],[15.06209191228032],[12.317983549314961],[13.031520592112866],[13.088338892173299],[14.154103927338717],[15.01622278989703],[12.967935778128744],[12.354604200542568],[11.102953476442362],[11.758119682942684],[15.845760739777328],[14.44735929446536],[10.277868146626698],[11.758119682942684],[11.102953476442362],[11.214321575300067],[16.03568031608768],[12.419012393959408],[12.984096179992067],[14.46917339254999],[13.9211751088153],[14.584479375148652],[10.277868146626698],[14.65198303526991],[13.679667868655587],[13.83322612211137],[12.130728475970653],[13.525976802066]
Eritrea,[12.003247735358306],[16.372038231014198],[0.0],[14.07267108041045],[16.397401810034676],[16.395387456116108],[12.325909933433078],[15.646975801897794],[6.662924788547267],[14.375619070909613],[15.462447018958997],[15.330939672355953],[15.509738174211064],[15.125943206316935],[15.125943206316935],[5.596472987299179],[15.125943206316935],[15.125943206316935],[16.397401810034676],[14.240531310221375],[16.395387456115987],[15.125943206316935],[14.648251576042389],[14.89764354111086],[15.125943206316935],[16.662476896911723],[11.527342641862052],[11.52734264186206],[14.887885274066857],[14.276388407836162],[8.90673135306086],[13.027060957479781],[14.45010937971276],[15.125943206316935],[16.397401810034676],[16.451885914040925],[14.880854439665066],[16.395387456116005],[16.397401810034676],[15.125943206316935],[17.18728915621937],[14.348286804873744],[15.595252213175035],[15.330939672355955],[15.634477369705285],[14.841995644348371],[12.327560789087785],[16.395387456116005],[16.832553035157755],[11.920330620000653],[14.904688948983395],[15.730939672355799],[13.99927683603297]
Iran,[16.06947586528328],[16.528040953263833],[14.07267108041045],[0.0],[16.761922143532686],[17.401126039804357],[14.738538607078787],[16.153566303942902],[14.687717822762801],[15.212802485616105],[16.10188576677119],[16.698676771651776],[15.428955253591322],[16.49508624196271],[16.49508624196271],[13.190255591833376],[16.49508624196271],[16.49508624196271],[16.761922143532686],[16.761922143532693],[16.76013908217534],[16.49508624196271],[14.483091662826611],[15.380515836128229],[16.49508624196271],[16.744011980149143],[15.484416586132888],[15.853690053057411],[14.817561949352262],[15.102505256011948],[13.813376779664194],[13.696585945417203],[16.792363847905172],[16.49508624196271],[16.761922143532686],[13.192684527267762],[15.956882456594187],[16.780815159458328],[16.761922143532686],[16.49508624196271],[17.65446758631822],[15.23688090712614],[17.02948491611264],[16.698676771651776],[16.13549903050943],[13.665846599193298],[16.695479004261266],[16.780815159458328],[15.337975708420576],[16.15217754400524],[14.471694458623931],[16.761922143532686],[14.113824007409253]
Finland,[14.81163194444421],[11.758119682942684],[16.397401810034676],[16.761922143532686],[0.0],[10.998806423610805],[13.999999999999739],[15.301195845157496],[15.499999999999876],[14.034577595856456],[12.728096762253125],[9.749999999999913],[13.991456866010248],[9.777777777777626],[9.777777777777626],[16.397105445384298],[9.777777777777626],[9.777777777777626],[0.0],[10.999999999999709],[0.009548611111080687],[9.777777777777626],[14.38105019596902],[15.382576926128216],[9.777777777777626],[14.090468712633818],[7.750698572371865],[12.900765345004459],[14.293047618859518],[14.583637125316331],[14.981881575374734],[13.97787524418194],[14.021364412526506],[9.777777777777626],[0.0],[14.883535723655939],[13.70226759140302],[10.998806423610812],[0.0],[9.777777777777626],[15.47569444444421],[14.990185504679605],[10.338702267376679],[9.749999999999913],[14.775304653168732],[14.345454552874328],[13.989800347221957],[10.998806423610812],[14.456852446718807],[11.619088588355773],[14.868297892335876],[2.0],[13.574772554074125]
Viet Nam,[14.80257161458324],[12.28368359347642],[16.395387456116108],[17.401126039804357],[10.998806423610805],[0.0],[13.998860677083163],[16.19015970680047],[15.498674665178418],[15.854266238268615],[13.249634606107428],[13.998860677083163],[17.45664671836123],[9.768229166666368],[9.768229166666368],[16.993864016136275],[9.768229166666368],[9.768229166666368],[10.998806423610805],[10.998806423610802],[10.989257812499787],[9.768229166666368],[16.102480446339595],[15.962061410945358],[9.768229166666368],[17.06674490746843],[12.89422894627933],[12.894228946279329],[15.711662416741811],[16.45188864607741],[14.979870391176632],[13.581492631383878],[13.288034189029085],[9.768229166666368],[10.998806423610805],[17.69939968913152],[16.095701518003953],[10.989257812499773],[10.998806423610805],[9.768229166666368],[15.466634114583236],[17.234342121646495],[12.874271488033854],[13.998860677083158],[17.02480927430931],[15.267969089734336],[13.981228298611057],[10.989257812499773],[17.4984076603693],[14.14000455715545],[16.52808205773044],[10.998806423610805],[15.916843144045643]
Sudan,[11.70585317460292],[13.94591931060307],[12.325909933433078],[14.738538607078787],[13.999999999999739],[13.998860677083163],[0.0],[14.906546319718032],[9.71428571428569],[14.278708870156917],[11.285211313606233],[10.999999999999895],[16.4061695377912],[12.833333333332922],[12.833333333332922],[13.629752090578185],[12.833333333332922],[12.833333333332922],[13.999999999999739],[13.999999999999748],[13.99886067708306],[12.833333333332922],[14.478583242747293],[14.56361343084584],[12.833333333332922],[15.815464914446858],[10.29755191209259],[10.29755191209264],[14.085469683542504],[14.113490881951861],[9.014302507753778],[12.058827199443144],[12.677939567462479],[12.833333333332922],[13.999999999999739],[16.86259996110235],[13.828991959563211],[13.99886067708307],[13.999999999999739],[12.833333333332922],[15.985026041666357],[16.263047032384108],[14.666014681993662],[14.666666666666455],[15.857230288491467],[14.425976783164131],[11.003580729166488],[13.99886067708307],[16.527252627512578],[9.353060168451778],[14.704160448604002],[12.999999999999762],[13.84712209857107]
Belgium,[13.934328098260172],[14.562587604945428],[15.646975801897794],[16.153566303942902],[15.301195845157496],[16.19015970680047],[14.906546319718032],[0.0],[14.891637959287646],[14.6552096387008],[14.485958226693947],[14.620832034003618],[14.274064578349309],[15.605382211691161],[15.605382211691161],[14.925625642367299],[15.605382211691161],[15.605382211691161],[15.301195845157496],[16.249252992786577],[15.301207470901135],[15.605382211691161],[14.235342767404674],[10.789022500159085],[15.605382211691161],[13.76928869979527],[15.017866753846924],[15.685086467626355],[13.25037382768255],[14.69423387004543],[15.615005397580209],[14.66932705637365],[15.428645867301151],[15.605382211691161],[15.301195845157496],[15.367700746512446],[13.97254233899749],[15.79073547955169],[15.301195845157496],[15.605382211691161],[16.14626875070301],[14.287775449755708],[16.305352098808275],[16.222805431445373],[14.48055434857173],[14.492349928895125],[15.583737781409896],[15.79073547955169],[14.776474621671502],[14.959205870884496],[13.88705754664389],[14.565230964647132],[13.296058544692029]
Ethiopia,[5.367745535714091],[15.279189148604821],[6.662924788547267],[14.687717822762801],[15.499999999999876],[15.498674665178418],[9.71428571428569],[14.891637959287646],[0.0],[13.597866479717473],[14.033331155964863],[13.999999999999964],[15.968824326391825],[14.142857142856549],[14.142857142856549],[8.921979980322359],[14.142857142856549],[14.142857142856549],[15.499999999999876],[12.76190476190464],[15.498674665178404],[14.142857142856549],[13.751755289071879],[13.891147717665246],[14.142857142856549],[15.624050836039844],[7.752923117120399],[7.752923117120397],[14.189771015959156],[13.227723284478015],[3.9200659166163994],[11.120826370505018],[10.911375014143992],[14.142857142856549],[15.499999999999876],[16.79063526898787],[14.925920791445503],[15.498674665178417],[15.499999999999876],[14.142857142856549],[16.490792410713933],[14.145824700006276],[14.443233618242242],[13.999999999999964],[14.968234709823871],[13.971120526360485],[9.720005580357006],[15.498674665178417],[16.356860905161238],[6.711013454566842],[14.316779324177407],[14.8333333333332],[13.881107631465598]
South Africa,[14.136145812378865],[13.19032764342755],[14.375619070909613],[15.212802485616105],[14.034577595856456],[15.854266238268615],[14.278708870156917],[14.6552096387008],[13.597866479717473],[0.0],[12.559565330819934],[14.463250388717604],[13.889374864959077],[13.595571499066804],[13.595571499066804],[14.642775098880536],[13.595571499066804],[13.595571499066804],[14.034577595856456],[14.65951703440048],[14.033540629897672],[13.595571499066804],[12.219070641824867],[13.950355257249596],[13.595571499066804],[14.82334195774053],[12.53546176825058],[13.509371106745654],[11.98001653436822],[12.421765985490758],[14.102892277320832],[13.58775164186156],[13.758705235642232],[13.595571499066804],[14.034577595856456],[15.56365577873818],[14.990256940424798],[14.412062891179682],[14.034577595856456],[13.595571499066804],[14.687220039482279],[13.466793150125255],[14.888863979651362],[14.684140455955243],[14.44651669441401],[12.627155244221921],[14.602175561296628],[14.412062891179682],[15.205641971476402],[13.92563842093],[11.994518765056156],[14.096517142135541],[12.36700144311653]
Malaysia,[14.171308526982992],[9.743038664745248],[15.462447018958997],[16.10188576677119],[12.728096762253125],[13.249634606107428],[11.285211313606233],[14.485958226693947],[14.033331155964863],[12.559565330819934],[0.0],[11.285211313606196],[14.830084887829484],[11.582502667275941],[11.582502667275941],[15.661836259556015],[11.582502667275941],[11.582502667275941],[12.728096762253125],[14.673697389335418],[12.719389855011118],[11.582502667275941],[13.30195671980227],[13.820066450844358],[11.582502667275941],[14.421533790437747],[12.249063005784627],[12.187450011249782],[12.409518221797333],[13.771534382285127],[13.996291664125886],[12.31036168059979],[11.535282165345853],[11.582502667275941],[12.728096762253125],[15.43007790877238],[13.355823525052948],[13.249634606107332],[12.728096762253125],[11.582502667275941],[11.58027194906453],[15.041068930074111],[13.288308633946027],[14.420939752215402],[15.008228221558397],[13.580443879027206],[14.402086756734718],[13.249634606107332],[14.460546531981784],[13.427962802516324],[13.160064828070746],[12.728096762253125],[13.16565173757154]
Taiwan,[13.990234374999726],[13.487585977269786],[15.330939672355953],[16.698676771651776],[9.749999999999913],[13.998860677083163],[10.999999999999895],[14.620832034003618],[13.999999999999964],[14.463250388717604],[11.285211313606196],[0.0],[14.741708145964633],[12.833333333332888],[12.833333333332888],[15.330800918274079],[12.833333333332888],[12.833333333332888],[9.749999999999913],[13.999999999999748],[9.75225151909709],[12.833333333332888],[14.562031038446277],[15.314802397047798],[12.833333333332888],[13.466345724570713],[10.958581008992793],[13.408843744783919],[14.331455624886404],[14.436626277830038],[14.117044004681212],[13.944751242227388],[13.675080015444566],[12.833333333332888],[9.749999999999913],[14.831921846535904],[13.658495251369201],[13.99886067708307],[9.749999999999913],[12.833333333332888],[15.985026041666355],[14.44120116088482],[12.889398056309359],[10.999999999999899],[14.971582091220311],[14.571213184051594],[11.003580729166492],[13.99886067708307],[14.473128287375538],[11.973255129362396],[15.019385084107284],[9.749999999999913],[13.997815872039489]
Germany,[15.295395018223113],[14.822401155395793],[15.509738174211064],[15.428955253591322],[13.991456866010248],[17.45664671836123],[16.4061695377912],[14.274064578349309],[15.968824326391825],[13.889374864959077],[14.830084887829484],[14.741708145964633],[0.0],[15.912708394205534],[15.912708394205534],[14.03965090218322],[15.912708394205534],[15.912708394205534],[13.991456866010248],[16.250754440288734],[13.99191305071194],[15.912708394205534],[13.668214189735039],[14.364580734926589],[15.912708394205534],[12.221031066413179],[14.42800668614864],[16.20470215152863],[13.826427990198383],[13.40340651206224],[15.937097792995033],[14.856178855507794],[15.467980263988823],[15.912708394205534],[13.991456866010248],[11.17037331056876],[14.501739359185981],[16.686541560078638],[13.991456866010248],[15.912708394205534],[15.822430393580598],[9.48233570457467],[16.008225984302047],[15.026283392248427],[10.241749028983614],[14.289581675436636],[16.451590260934704],[16.686541560078638],[11.585140583217287],[15.638915378902468],[14.08710994985653],[15.407526545366045],[11.765961744362935]
Philippines,[14.087611607142533],[11.102953476442362],[15.125943206316935],[16.49508624196271],[9.777777777777626],[9.768229166666368],[12.833333333332922],[15.605382211691161],[14.142857142856549],[13.595571499066804],[11.582502667275941],[12.833333333332888],[15.912708394205534],[0.0],[0.0],[15.774743402302034],[0.0],[0.0],[9.777777777777626],[9.777777777777604],[9.768229166666465],[0.0],[13.689729813471448],[14.939148279379907],[0.0],[16.06462510582659],[8.997867993409967],[8.997867993409912],[13.080120159017742],[14.377251959905989],[13.632746299202708],[11.31859095625387],[13.335288040363602],[0.0],[9.777777777777626],[16.404124101647557],[14.950708072786894],[9.768229166666442],[9.777777777777626],[0.0],[14.087611607142497],[16.27892659726646],[10.60422228612477],[12.83333333333288],[15.897652980358064],[14.380818528917446],[12.808268229166172],[9.768229166666442],[16.12973577181368],[11.450455171415772],[13.210770997515844],[9.777777777777626],[13.84011041393017]
Kenya,[14.087611607142533],[11.102953476442362],[15.125943206316935],[16.49508624196271],[9.777777777777626],[9.768229166666368],[12.833333333332922],[15.605382211691161],[14.142857142856549],[13.595571499066804],[11.582502667275941],[12.833333333332888],[15.912708394205534],[0.0],[0.0],[15.774743402302034],[0.0],[0.0],[9.777777777777626],[9.777777777777604],[9.768229166666465],[0.0],[13.689729813471448],[14.939148279379907],[0.0],[16.06462510582659],[8.997867993409967],[8.997867993409912],[13.080120159017742],[14.377251959905989],[13.632746299202708],[11.31859095625387],[13.335288040363602],[0.0],[9.777777777777626],[16.404124101647557],[14.950708072786894],[9.768229166666442],[9.777777777777626],[0.0],[14.087611607142497],[16.27892659726646],[10.60422228612477],[12.83333333333288],[15.897652980358064],[14.380818528917446],[12.808268229166172],[9.768229166666442],[16.12973577181368],[11.450455171415772],[13.210770997515844],[9.777777777777626],[13.84011041393017]
Somalia,[14.252953226884358],[16.661678597337232],[5.596472987299179],[13.190255591833376],[16.397105445384298],[16.993864016136275],[13.629752090578185],[14.925625642367299],[8.921979980322359],[14.642775098880536],[15.661836259556015],[15.330800918274079],[14.03965090218322],[15.774743402302034],[15.774743402302034],[0.0],[15.774743402302034],[15.774743402302034],[16.397105445384298],[15.12137147179499],[16.395408151490095],[15.774743402302034],[13.822140640717487],[14.220627424119279],[15.774743402302034],[16.191796479120033],[12.650016835755146],[12.949879661543907],[14.666294150570305],[14.055709556534817],[11.163427123423737],[13.170843618649764],[15.257278278650649],[15.774743402302034],[16.397105445384298],[15.218225315522663],[14.755803683242782],[16.993864016136175],[16.397105445384298],[15.774743402302034],[17.654709386420386],[13.39220758536189],[15.77202832692841],[15.330800918274077],[14.800714294499148],[14.26505042748709],[13.630131238058356],[16.993864016136175],[16.041792089745282],[13.608404686244056],[14.687267281407559],[15.730800708604166],[13.275922476477385]
Hong Kong,[14.087611607142533],[11.102953476442362],[15.125943206316935],[16.49508624196271],[9.777777777777626],[9.768229166666368],[12.833333333332922],[15.605382211691161],[14.142857142856549],[13.595571499066804],[11.582502667275941],[12.833333333332888],[15.912708394205534],[0.0],[0.0],[15.774743402302034],[0.0],[0.0],[9.777777777777626],[9.777777777777604],[9.768229166666465],[0.0],[13.689729813471448],[14.939148279379907],[0.0],[16.06462510582659],[8.997867993409967],[8.997867993409912],[13.080120159017742],[14.377251959905989],[13.632746299202708],[11.31859095625387],[13.335288040363602],[0.0],[9.777777777777626],[16.404124101647557],[14.950708072786894],[9.768229166666442],[9.777777777777626],[0.0],[14.087611607142497],[16.27892659726646],[10.60422228612477],[12.83333333333288],[15.897652980358064],[14.380818528917446],[12.808268229166172],[9.768229166666442],[16.12973577181368],[11.450455171415772],[13.210770997515844],[9.777777777777626],[13.84011041393017]
Lebanon,[14.087611607142533],[11.102953476442362],[15.125943206316935],[16.49508624196271],[9.777777777777626],[9.768229166666368],[12.833333333332922],[15.605382211691161],[14.142857142856549],[13.595571499066804],[11.582502667275941],[12.833333333332888],[15.912708394205534],[0.0],[0.0],[15.774743402302034],[0.0],[0.0],[9.777777777777626],[9.777777777777604],[9.768229166666465],[0.0],[13.689729813471448],[14.939148279379907],[0.0],[16.06462510582659],[8.997867993409967],[8.997867993409912],[13.080120159017742],[14.377251959905989],[13.632746299202708],[11.31859095625387],[13.335288040363602],[0.0],[9.777777777777626],[16.404124101647557],[14.950708072786894],[9.768229166666442],[9.777777777777626],[0.0],[14.087611607142497],[16.27892659726646],[10.60422228612477],[12.83333333333288],[15.897652980358064],[14.380818528917446],[12.808268229166172],[9.768229166666442],[16.12973577181368],[11.450455171415772],[13.210770997515844],[9.777777777777626],[13.84011041393017]
Ireland,[14.81163194444421],[11.758119682942684],[16.397401810034676],[16.761922143532686],[0.0],[10.998806423610805],[13.999999999999739],[15.301195845157496],[15.499999999999876],[14.034577595856456],[12.728096762253125],[9.749999999999913],[13.991456866010248],[9.777777777777626],[9.777777777777626],[16.397105445384298],[9.777777777777626],[9.777777777777626],[0.0],[10.999999999999709],[0.009548611111080687],[9.777777777777626],[14.38105019596902],[15.382576926128216],[9.777777777777626],[14.090468712633818],[7.750698572371865],[12.900765345004459],[14.293047618859518],[14.583637125316331],[14.981881575374734],[13.97787524418194],[14.021364412526506],[9.777777777777626],[0.0],[14.883535723655939],[13.70226759140302],[10.998806423610812],[0.0],[9.777777777777626],[15.47569444444421],[14.990185504679605],[10.338702267376679],[9.749999999999913],[14.775304653168732],[14.345454552874328],[13.989800347221957],[10.998806423610812],[14.456852446718807],[11.619088588355773],[14.868297892335876],[2.0],[13.574772554074125]
Ghana,[13.408451140872762],[12.814835503801635],[14.240531310221375],[16.761922143532693],[10.999999999999709],[10.998806423610802],[13.999999999999748],[16.249252992786577],[12.76190476190464],[14.65951703440048],[14.673697389335418],[13.999999999999748],[16.250754440288734],[9.777777777777604],[9.777777777777604],[15.12137147179499],[9.777777777777604],[9.777777777777604],[10.999999999999709],[0.0],[10.998806423610786],[9.777777777777604],[15.070713943634242],[15.772542486803282],[9.777777777777604],[15.949478736983663],[11.118000667726582],[11.118000667726577],[15.294224865913488],[14.838573811898591],[12.421307593347667],[13.292007514467384],[13.426122013610478],[9.777777777777604],[10.999999999999709],[16.97122187680835],[15.764881162753145],[10.998806423610766],[10.999999999999709],[9.777777777777604],[15.47569444444419],[15.171732058323688],[8.751221858479388],[9.749999999999925],[14.880372182863216],[15.015882983296267],[9.745062934027452],[10.998806423610766],[16.808204769251606],[12.872268295966249],[15.198025624599415],[10.999999999999709],[14.825089732357233]
Ecuador,[14.802571614583139],[11.755988088677103],[16.395387456115987],[16.76013908217534],[0.009548611111080687],[10.989257812499787],[13.99886067708306],[15.301207470901135],[15.498674665178404],[14.033540629897672],[12.719389855011118],[9.75225151909709],[13.99191305071194],[9.768229166666465],[9.768229166666465],[16.395408151490095],[9.768229166666465],[9.768229166666465],[0.009548611111080687],[10.998806423610786],[0.0],[9.768229166666465],[14.379422920522638],[15.382021909842871],[9.768229166666465],[14.090726870157926],[7.745751548057953],[12.894228946279165],[14.291456705931928],[14.582830581453887],[14.979870391176703],[13.971424563138118],[14.020063619928537],[9.768229166666465],[0.009548611111080687],[14.883080342519264],[13.702731845462534],[10.989257812499769],[0.009548611111080687],[9.768229166666465],[15.466634114583155],[14.990606783845298],[10.336191101954165],[9.752251519097085],[14.775279048446231],[14.344785120838562],[13.981228298610917],[10.989257812499769],[14.457107354563531],[11.617421071718535],[14.865956923172046],[2.0075954861110343],[13.572960107885958]
Uganda,[14.087611607142533],[11.102953476442362],[15.125943206316935],[16.49508624196271],[9.777777777777626],[9.768229166666368],[12.833333333332922],[15.605382211691161],[14.142857142856549],[13.595571499066804],[11.582502667275941],[12.833333333332888],[15.912708394205534],[0.0],[0.0],[15.774743402302034],[0.0],[0.0],[9.777777777777626],[9.777777777777604],[9.768229166666465],[0.0],[13.689729813471448],[14.939148279379907],[0.0],[16.06462510582659],[8.997867993409967],[8.997867993409912],[13.080120159017742],[14.377251959905989],[13.632746299202708],[11.31859095625387],[13.335288040363602],[0.0],[9.777777777777626],[16.404124101647557],[14.950708072786894],[9.768229166666442],[9.777777777777626],[0.0],[14.087611607142497],[16.27892659726646],[10.60422228612477],[12.83333333333288],[15.897652980358064],[14.380818528917446],[12.808268229166172],[9.768229166666442],[16.12973577181368],[11.450455171415772],[13.210770997515844],[9.777777777777626],[13.84011041393017]
Canada,[14.393628758073623],[13.71148013008321],[14.648251576042389],[14.483091662826611],[14.38105019596902],[16.102480446339595],[14.478583242747293],[14.235342767404674],[13.751755289071879],[12.219070641824867],[13.30195671980227],[14.562031038446277],[13.668214189735039],[13.689729813471448],[13.689729813471448],[13.822140640717487],[13.689729813471448],[13.689729813471448],[14.38105019596902],[15.070713943634242],[14.379422920522638],[13.689729813471448],[0.0],[13.40820827914262],[13.689729813471448],[13.08525702986626],[12.65900742302124],[13.367460431027238],[11.180954940085078],[11.53019567279422],[14.481368836145077],[13.011853543625366],[14.692499328563992],[13.689729813471448],[14.38105019596902],[14.880364316304327],[13.886983226981222],[15.178962205108643],[14.38105019596902],[13.689729813471448],[16.078570330891562],[13.197332390048407],[14.92712104946043],[14.606880759988712],[12.994302314468472],[12.23925061957706],[15.18754806181329],[15.178962205108643],[12.71109454335183],[14.01098040981078],[10.767969177943709],[14.379930940120827],[11.104218109880543]
Italy,[14.318579211596834],[14.222361009219561],[14.89764354111086],[15.380515836128229],[15.382576926128216],[15.962061410945358],[14.56361343084584],[10.789022500159085],[13.891147717665246],[13.950355257249596],[13.820066450844358],[15.314802397047798],[14.364580734926589],[14.939148279379907],[14.939148279379907],[14.220627424119279],[14.939148279379907],[14.939148279379907],[15.382576926128216],[15.772542486803282],[15.382021909842871],[14.939148279379907],[13.40820827914262],[0.0],[14.939148279379907],[13.855663658336743],[13.987274684952338],[14.082315539808626],[12.538314076208563],[14.287252628246858],[14.484457387872679],[13.67781713703691],[15.414216165666199],[14.939148279379907],[15.382576926128216],[15.115644597549952],[13.742287904584275],[15.939662927001017],[15.382576926128216],[14.939148279379907],[15.700469059290407],[13.709693068591294],[15.618987178951567],[15.709696942032657],[14.325000052759405],[12.467152645627946],[15.054244205601437],[15.939662927001017],[15.101730067393385],[14.772704092627889],[12.700899851024953],[14.866488376448485],[12.92857848327899]
Guatemala,[14.087611607142533],[11.102953476442362],[15.125943206316935],[16.49508624196271],[9.777777777777626],[9.768229166666368],[12.833333333332922],[15.605382211691161],[14.142857142856549],[13.595571499066804],[11.582502667275941],[12.833333333332888],[15.912708394205534],[0.0],[0.0],[15.774743402302034],[0.0],[0.0],[9.777777777777626],[9.777777777777604],[9.768229166666465],[0.0],[13.689729813471448],[14.939148279379907],[0.0],[16.06462510582659],[8.997867993409967],[8.997867993409912],[13.080120159017742],[14.377251959905989],[13.632746299202708],[11.31859095625387],[13.335288040363602],[0.0],[9.777777777777626],[16.404124101647557],[14.950708072786894],[9.768229166666442],[9.777777777777626],[0.0],[14.087611607142497],[16.27892659726646],[10.60422228612477],[12.83333333333288],[15.897652980358064],[14.380818528917446],[12.808268229166172],[9.768229166666442],[16.12973577181368],[11.450455171415772],[13.210770997515844],[9.777777777777626],[13.84011041393017]
Serbia,[15.626491580945753],[15.06209191228032],[16.662476896911723],[16.744011980149143],[14.090468712633818],[17.06674490746843],[15.815464914446858],[13.76928869979527],[15.624050836039844],[14.82334195774053],[14.421533790437747],[13.466345724570713],[12.221031066413179],[16.06462510582659],[16.06462510582659],[16.191796479120033],[16.06462510582659],[16.06462510582659],[14.090468712633818],[15.949478736983663],[14.090726870157926],[16.06462510582659],[13.08525702986626],[13.855663658336743],[16.06462510582659],[0.0],[14.394900314506662],[16.13635970512022],[13.499123878099827],[12.972539940556661],[15.624356248749134],[14.311026495525223],[14.379311341891244],[16.06462510582659],[14.090468712633818],[12.66234856975806],[14.316652084726861],[16.675297596316216],[14.090468712633818],[16.06462510582659],[16.582068427511935],[10.221527050553904],[14.684737864918565],[13.463895813257587],[10.242627630196582],[13.310910469723462],[15.93460648792819],[16.675297596316216],[11.87156575839137],[15.501365936630402],[13.717883197516207],[15.306411262853171],[12.653450487756343]
Djibouti,[9.723616035706078],[12.317983549314961],[11.527342641862052],[15.484416586132888],[7.750698572371865],[12.89422894627933],[10.29755191209259],[15.017866753846924],[7.752923117120399],[12.53546176825058],[12.249063005784627],[10.958581008992793],[14.42800668614864],[8.997867993409967],[8.997867993409967],[12.650016835755146],[8.997867993409967],[8.997867993409967],[7.750698572371865],[11.118000667726582],[7.745751548057953],[8.997867993409967],[12.65900742302124],[13.987274684952338],[8.997867993409967],[14.394900314506662],[0.0],[5.497485139460464],[13.17773938442019],[12.518792641757926],[8.403804532394066],[11.413710184618356],[11.460890170732274],[8.997867993409967],[7.750698572371865],[15.524574237255724],[14.022386397838158],[12.894228946279181],[7.750698572371865],[8.997867993409967],[15.9660500773192],[13.93938348207757],[11.821544641397352],[10.9585810089928],[13.870872020878394],[13.080191626223328],[10.288589064121652],[12.894228946279181],[15.074852097136969],[6.027038387374558],[13.44973001995274],[8.417060407457962],[12.362900634607287]
South Korea,[10.387678535706081],[13.031520592112866],[11.52734264186206],[15.853690053057411],[12.900765345004459],[12.894228946279329],[10.29755191209264],[15.685086467626355],[7.752923117120397],[13.509371106745654],[12.187450011249782],[13.408843744783919],[16.20470215152863],[8.997867993409912],[8.997867993409912],[12.949879661543907],[8.997867993409912],[8.997867993409912],[12.900765345004459],[11.118000667726577],[12.894228946279165],[8.997867993409912],[13.367460431027238],[14.082315539808626],[8.997867993409912],[16.13635970512022],[5.497485139460464],[0.0],[13.770440028187727],[13.717556452244223],[8.403804532394073],[11.95216503413402],[12.0631125031281],[8.997867993409912],[12.900765345004459],[17.0751643089215],[15.233522309867078],[12.89422894627917],[12.900765345004459],[8.997867993409912],[14.269210442545436],[15.436430521276616],[11.250803541877964],[13.408843744783937],[15.449891524129693],[14.168903539749763],[10.288589064121659],[12.89422894627917],[16.554272729343644],[8.602387008117562],[13.79243618399018],[12.56758442746137],[13.731168193827623]
United Kingdom,[14.415629524448693],[13.088338892173299],[14.887885274066857],[14.817561949352262],[14.293047618859518],[15.711662416741811],[14.085469683542504],[13.25037382768255],[14.189771015959156],[11.98001653436822],[12.409518221797333],[14.331455624886404],[13.826427990198383],[13.080120159017742],[13.080120159017742],[14.666294150570305],[13.080120159017742],[13.080120159017742],[14.293047618859518],[15.294224865913488],[14.291456705931928],[13.080120159017742],[11.180954940085078],[12.538314076208563],[13.080120159017742],[13.499123878099827],[13.17773938442019],[13.770440028187727],[0.0],[13.444450713769804],[14.413442774142668],[13.06119367976919],[14.352835832412921],[13.080120159017742],[14.293047618859518],[15.25021416396652],[14.013190649442098],[14.865818699366708],[14.293047618859518],[13.080120159017742],[14.974196632847363],[14.79885300122937],[15.230333476536465],[15.11891121122441],[14.543741580235768],[10.921446539003774],[15.171346455000494],[14.865818699366708],[14.546601865904341],[14.29744891386787],[10.455026301805022],[14.294857657612972],[11.188311169635412]
Peru,[14.616603562713175],[14.154103927338717],[14.276388407836162],[15.102505256011948],[14.583637125316331],[16.45188864607741],[14.113490881951861],[14.69423387004543],[13.227723284478015],[12.421765985490758],[13.771534382285127],[14.436626277830038],[13.40340651206224],[14.377251959905989],[14.377251959905989],[14.055709556534817],[14.377251959905989],[14.377251959905989],[14.583637125316331],[14.838573811898591],[14.582830581453887],[14.377251959905989],[11.53019567279422],[14.287252628246858],[14.377251959905989],[12.972539940556661],[12.518792641757926],[13.717556452244223],[13.444450713769804],[0.0],[13.570072431580465],[13.76269355471611],[14.868560148284818],[14.377251959905989],[14.583637125316331],[14.779893517125071],[15.175761601789718],[15.348005479521571],[14.583637125316331],[14.377251959905989],[15.448659968056935],[12.890666946567714],[14.600853804048763],[13.974590647509643],[13.518038311586556],[13.038596918223798],[14.318377939704162],[15.348005479521571],[13.383798209637744],[14.006137754589437],[12.609726928257482],[14.583448534050756],[11.925245874804277]
Mali,[7.169245260726748],[15.01622278989703],[8.90673135306086],[13.813376779664194],[14.981881575374734],[14.979870391176632],[9.014302507753778],[15.615005397580209],[3.9200659166163994],[14.102892277320832],[13.996291664125886],[14.117044004681212],[15.937097792995033],[13.632746299202708],[13.632746299202708],[11.163427123423737],[13.632746299202708],[13.632746299202708],[14.981881575374734],[12.421307593347667],[14.979870391176703],[13.632746299202708],[14.481368836145077],[14.484457387872679],[13.632746299202708],[15.624356248749134],[8.403804532394066],[8.403804532394073],[14.413442774142668],[13.570072431580465],[0.0],[11.235591767815205],[11.565583323765429],[13.632746299202708],[14.981881575374734],[16.75733654361768],[15.383439992070977],[14.979870391176727],[14.981881575374734],[13.632746299202708],[16.48664175368548],[14.056291106224673],[13.883253510773168],[13.702250915918416],[14.475340617955533],[13.994485508347918],[10.007921829407856],[14.979870391176727],[16.51333301571736],[8.373628911699653],[14.49630663728013],[14.98187951997917],[14.114565059291051]
China,[11.937093810129417],[12.967935778128744],[13.027060957479781],[13.696585945417203],[13.97787524418194],[13.581492631383878],[12.058827199443144],[14.66932705637365],[11.120826370505018],[13.58775164186156],[12.31036168059979],[13.944751242227388],[14.856178855507794],[11.31859095625387],[11.31859095625387],[13.170843618649764],[11.31859095625387],[11.31859095625387],[13.97787524418194],[13.292007514467384],[13.971424563138118],[11.31859095625387],[13.011853543625366],[13.67781713703691],[11.31859095625387],[14.311026495525223],[11.413710184618356],[11.95216503413402],[13.06119367976919],[13.76269355471611],[11.235591767815205],[0.0],[11.49677240733086],[11.31859095625387],[13.97787524418194],[14.493543722282533],[13.726476782116729],[13.581492631383933],[13.97787524418194],[11.31859095625387],[16.126725269823613],[13.241365916558161],[13.579244916971964],[13.447212781528947],[14.410478232431007],[13.25458877232856],[13.431594382197087],[13.581492631383933],[15.46090930092036],[11.892310352302065],[13.58070057650196],[13.97787524418194],[13.5243402540845]
Bulgaria,[8.828765466895087],[12.354604200542568],[14.45010937971276],[16.792363847905172],[14.021364412526506],[13.288034189029085],[12.677939567462479],[15.428645867301151],[10.911375014143992],[13.758705235642232],[11.535282165345853],[13.675080015444566],[15.467980263988823],[13.335288040363602],[13.335288040363602],[15.257278278650649],[13.335288040363602],[13.335288040363602],[14.021364412526506],[13.426122013610478],[14.020063619928537],[13.335288040363602],[14.692499328563992],[15.414216165666199],[13.335288040363602],[14.379311341891244],[11.460890170732274],[12.0631125031281],[14.352835832412921],[14.868560148284818],[11.565583323765429],[11.49677240733086],[0.0],[13.335288040363602],[14.021364412526506],[15.856851865376548],[15.378903278967153],[13.705295796304833],[14.021364412526506],[13.335288040363602],[14.062702050677942],[14.480052406766164],[13.752072840129555],[13.15052192988349],[15.20936770404349],[14.349702977391564],[12.724042192802836],[13.705295796304833],[15.839970952859604],[11.35798421867776],[14.62172125082706],[14.73527289923075],[14.209805252475283]
Nepal,[14.087611607142533],[11.102953476442362],[15.125943206316935],[16.49508624196271],[9.777777777777626],[9.768229166666368],[12.833333333332922],[15.605382211691161],[14.142857142856549],[13.595571499066804],[11.582502667275941],[12.833333333332888],[15.912708394205534],[0.0],[0.0],[15.774743402302034],[0.0],[0.0],[9.777777777777626],[9.777777777777604],[9.768229166666465],[0.0],[13.689729813471448],[14.939148279379907],[0.0],[16.06462510582659],[8.997867993409967],[8.997867993409912],[13.080120159017742],[14.377251959905989],[13.632746299202708],[11.31859095625387],[13.335288040363602],[0.0],[9.777777777777626],[16.404124101647557],[14.950708072786894],[9.768229166666442],[9.777777777777626],[0.0],[14.087611607142497],[16.27892659726646],[10.60422228612477],[12.83333333333288],[15.897652980358064],[14.380818528917446],[12.808268229166172],[9.768229166666442],[16.12973577181368],[11.450455171415772],[13.210770997515844],[9.777777777777626],[13.84011041393017]
Brazil,[14.81163194444421],[11.758119682942684],[16.397401810034676],[16.761922143532686],[0.0],[10.998806423610805],[13.999999999999739],[15.301195845157496],[15.499999999999876],[14.034577595856456],[12.728096762253125],[9.749999999999913],[13.991456866010248],[9.777777777777626],[9.777777777777626],[16.397105445384298],[9.777777777777626],[9.777777777777626],[0.0],[10.999999999999709],[0.009548611111080687],[9.777777777777626],[14.38105019596902],[15.382576926128216],[9.777777777777626],[14.090468712633818],[7.750698572371865],[12.900765345004459],[14.293047618859518],[14.583637125316331],[14.981881575374734],[13.97787524418194],[14.021364412526506],[9.777777777777626],[0.0],[14.883535723655939],[13.70226759140302],[10.998806423610812],[0.0],[9.777777777777626],[15.47569444444421],[14.990185504679605],[10.338702267376679],[9.749999999999913],[14.775304653168732],[14.345454552874328],[13.989800347221957],[10.998806423610812],[14.456852446718807],[11.619088588355773],[14.868297892335876],[2.0],[13.574772554074125]
Belarus,[15.627147012131443],[15.845760739777328],[16.451885914040925],[13.192684527267762],[14.883535723655939],[17.69939968913152],[16.86259996110235],[15.367700746512446],[16.79063526898787],[15.56365577873818],[15.43007790877238],[14.831921846535904],[11.17037331056876],[16.404124101647557],[16.404124101647557],[15.218225315522663],[16.404124101647557],[16.404124101647557],[14.883535723655939],[16.97122187680835],[14.883080342519264],[16.404124101647557],[14.880364316304327],[15.115644597549952],[16.404124101647557],[12.66234856975806],[15.524574237255724],[17.0751643089215],[15.25021416396652],[14.779893517125071],[16.75733654361768],[14.493543722282533],[15.856851865376548],[16.404124101647557],[14.883535723655939],[0.0],[14.977494390907928],[15.34153427401508],[14.883535723655939],[16.404124101647557],[17.162826266938605],[11.094591747980662],[17.202726096231252],[15.974097804769192],[12.348323491175984],[15.393700194162072],[16.966737126628967],[15.34153427401508],[13.117242389446131],[16.153566699168756],[14.736040040466774],[16.384952288925906],[14.668772557751664]
Spain,[15.586452535731569],[14.44735929446536],[14.880854439665066],[15.956882456594187],[13.70226759140302],[16.095701518003953],[13.828991959563211],[13.97254233899749],[14.925920791445503],[14.990256940424798],[13.355823525052948],[13.658495251369201],[14.501739359185981],[14.950708072786894],[14.950708072786894],[14.755803683242782],[14.950708072786894],[14.950708072786894],[13.70226759140302],[15.764881162753145],[13.702731845462534],[14.950708072786894],[13.886983226981222],[13.742287904584275],[14.950708072786894],[14.316652084726861],[14.022386397838158],[15.233522309867078],[14.013190649442098],[15.175761601789718],[15.383439992070977],[13.726476782116729],[15.378903278967153],[14.950708072786894],[13.70226759140302],[14.977494390907928],[0.0],[15.364692095105575],[13.70226759140302],[14.950708072786894],[16.902072170336773],[15.047129847710101],[15.034216937278886],[14.812439537732505],[14.736639807356417],[14.518783436768341],[14.933414622235276],[15.364692095105575],[14.587812331482667],[13.378382306112634],[14.951877297622344],[11.703880244596283],[13.88660143575742]
